SCORE:0.7599028028028033
758 0.0
401 2637 1775822152
371 0.0
620 4342 1481200951
980 0.0
733 2843 1342793142
925 0.0
951 4646 1213261200
936 0.4922
861 3396 1917984317
797 0.5142
725 2917 1944013213
688 0.5552
393 3263 1167172230
833 0.5558
903 3295 1863008973
236 0.5641
918 8655 1757893438
81 0.5688
857 3483 1800696744
157 0.5848
726 3590 1911980246
386 0.5849
948 3097 1827414640
962 0.5911
830 3700 1406920703
577 0.5938
967 6182 1671202398
449 0.5939
846 6914 1422252487
163 0.5948
876 3968 1875167354
892 0.5959
743 2740 1535731518
53 0.5968
554 3030 1860108963
857 0.5969
859 8028 1934334199
809 0.5983
723 3361 1031716003
215 0.6058
807 3013 1828436422
870 0.6074
862 3583 1088261659
52 0.612
960 5097 1890408897
637 0.6161
833 2279 1530163684
146 0.6187
374 3070 1088742281
84 0.6207
460 1996 1736145754
43 0.6211
825 2435 1142766229
466 0.6256
835 7216 1979603454
504 0.6287
845 2485 1769315799
762 0.6295
853 3182 1245044916
331 0.6296
367 1157 1975395805
918 0.6298
536 4230 1320659578
213 0.6302
301 1434 1772518893
542 0.6307
827 2277 1510751549
770 0.6314
829 7728 1497580308
106 0.632
980 4555 1321278398
968 0.635
797 2401 1594434181
946 0.6356
564 1814 1821944523
812 0.6365
603 1707 1881960199
173 0.6366
940 2874 1108190113
234 0.6391
938 3212 1683819773
87 0.6394
995 9467 1070549514
932 0.6415
613 1746 1847430650
412 0.6426
995 3758 1917650220
494 0.6429
544 4744 1071119501
660 0.6434
960 2834 1117886977
134 0.6437
789 1917 1966949045
20 0.6458
745 2005 1177973297
103 0.6461
204 787 1718783557
34 0.6465
1000 9450 1781418103
566 0.6472
440 1318 1163055983
690 0.6493
341 1014 1923204498
470 0.6495
881 2386 1984429846
468 0.6496
798 2515 1600182478
439 0.6516
328 1030 1673178222
910 0.6519
693 2020 1689010430
506 0.6521
565 5429 1640853564
418 0.6527
930 3320 1599741066
589 0.653
290 2620 1059281868
246 0.6531
110 1030 1818904822
899 0.655
753 6379 1873781624
27 0.6563
987 3271 1666676928
820 0.6571
802 2871 1689657683
219 0.6577
730 6809 1079051048
890 0.6586
989 2916 1935124094
50 0.6598
653 6464 1901882625
117 0.661
580 5679 1227672607
26 0.662
706 5269 1844821133
923 0.662
907 5013 1867698225
944 0.6626
495 4701 1521533827
837 0.6635
511 2039 1103830268
289 0.6638
589 4237 1475601145
175 0.6646
674 6220 1329770273
963 0.6649
250 1727 1754726520
803 0.6654
916 3563 1546248586
275 0.6658
902 2421 1615566263
700 0.6662
278 789 1521186413
707 0.6664
860 3531 1466441842
147 0.6664
923 6332 1959233502
907 0.6674
578 3679 1467742770
353 0.6678
910 3720 1757623579
413 0.6682
412 4074 1453346848
277 0.669
723 2436 1546247908
527 0.6702
924 4926 1564362875
735 0.6706
60 530 1363392755
482 0.6708
234 1338 1463303467
194 0.6712
573 5034 1747091533
237 0.6713
418 1447 1808734779
947 0.6714
405 3648 1669188721
505 0.6714
685 3461 1639834675
588 0.6721
697 5114 1852338437
681 0.6723
305 2099 1045504105
17 0.6724
688 1783 1396174486
522 0.6732
631 6001 1256831373
716 0.6734
743 6966 1546374343
841 0.6741
905 3745 1832905709
299 0.6745
392 3775 1536736087
994 0.6747
865 6503 1817964170
126 0.6748
544 4449 1960670917
256 0.675
63 559 1692079558
419 0.6751
598 4567 1243084452
567 0.6757
369 1074 1098692693
91 0.6758
930 2342 1800564557
544 0.6759
135 1305 1721148569
592 0.6759
809 7735 1386385013
965 0.6763
884 2847 1258006599
302 0.6763
976 3036 1474626430
867 0.6769
608 2709 1400145305
477 0.6772
588 1779 1245428033
694 0.6772
589 4539 1358419317
433 0.678
611 4399 1692920342
988 0.6781
319 1532 1202289484
340 0.6796
190 1632 1129586003
96 0.6797
192 1350 1179601448
467 0.6797
903 8409 1470835639
212 0.6799
772 7485 1244422655
411 0.6799
879 8029 1792621136
205 0.6803
132 1112 1198047261
725 0.6803
588 1654 1273699159
241 0.6808
805 7404 1445795644
441 0.6811
731 6140 1188842072
322 0.6815
617 5820 1909881807
801 0.6818
726 4894 1175841194
155 0.682
49 449 1180777994
714 0.682
714 2477 1153993959
825 0.6823
604 5433 1999865949
515 0.6826
221 1876 1114067443
512 0.6826
779 5230 1433658633
851 0.6829
704 4226 1297826091
384 0.683
736 6989 1617406009
827 0.6839
731 1826 1079012483
807 0.6841
247 2161 1165920551
62 0.6848
435 1671 1746501787
129 0.6848
796 5213 1168160393
360 0.685
974 9418 1575163437
815 0.6854
485 2733 1459815394
268 0.6858
547 1643 1148358665
362 0.6859
543 1461 1542195364
645 0.686
322 2885 1404603671
199 0.686
629 5318 1380569263
335 0.6861
260 2165 1350183710
370 0.6861
716 1692 1073139845
235 0.6861
939 7340 1195249982
668 0.6864
45 436 1803262307
854 0.6866
967 8085 1145127808
471 0.6867
256 1297 1703507803
525 0.6867
703 5558 1697555138
307 0.6869
609 5659 1827049408
719 0.6873
501 1388 1472692119
933 0.6877
964 8870 1354712143
72 0.6878
445 4079 1186331418
332 0.688
486 4539 1501004464
591 0.6881
521 5011 1383471207
555 0.6882
146 1240 1593907423
79 0.6882
732 6735 1840674870
86 0.6884
726 6927 1461327065
673 0.6886
796 6122 1191191717
767 0.6891
812 6058 1117502367
611 0.6891
859 6459 1528362398
356 0.6893
526 4027 1311323743
927 0.6894
606 5909 1153706050
392 0.6895
541 3979 1337908222
301 0.6895
772 6266 1674117082
687 0.6896
436 3093 1785441743
538 0.6897
209 1864 1843192813
783 0.6897
467 4498 1648767880
659 0.6899
998 9246 1816409508
569 0.6902
819 6626 1306626468
934 0.6903
269 2448 1577870967
860 0.6903
80 535 1196690060
865 0.6903
985 2373 1224994755
737 0.6906
676 5284 1192615229
682 0.6913
618 3235 1616826270
189 0.6914
177 1329 1131472358
485 0.6916
972 5265 1157636567
372 0.6917
987 9007 1525424800
842 0.6918
933 3802 1181002922
974 0.6921
223 1765 1252301191
780 0.6926
577 4610 1210182374
804 0.6927
330 856 1713216040
271 0.6929
598 4271 1156520891
547 0.6929
697 1940 1898876452
366 0.6931
733 3689 1016408588
74 0.6932
721 6574 1070412072
709 0.6932
852 7781 1395034199
606 0.6935
932 3996 1658435848
276 0.6937
581 4552 1091146167
188 0.6937
862 4202 1860411225
292 0.6939
972 7731 1545336423
677 0.6941
722 6940 1528543655
196 0.6942
586 2110 1764136048
21 0.6942
799 7974 1720033432
911 0.6943
747 6233 1397745977
434 0.6944
923 2792 1304454300
318 0.695
862 3200 1379008775
849 0.695
924 6999 1585955377
410 0.6952
184 1782 1185744789
548 0.6953
199 708 1643228047
852 0.6955
194 1161 1253591620
286 0.6957
820 3360 1690472754
4 0.6961
597 4866 1978252273
864 0.6962
444 3939 1006733421
124 0.6963
496 1237 1088501379
395 0.6964
866 5194 1823358757
375 0.6965
646 5630 1975067107
742 0.6965
763 6311 1671061407
607 0.6966
758 4505 1622422363
312 0.6971
897 8086 1423246423
834 0.6972
203 1370 1116373930
651 0.6973
66 578 1031853635
484 0.6977
890 7130 1942035081
766 0.698
96 445 1080070222
915 0.6986
133 1023 1278907390
869 0.6987
354 3287 1907198709
216 0.6989
50 490 1895410437
731 0.6991
154 459 1833140944
957 0.6991
868 7840 1783908982
773 0.6996
456 3632 1094680398
252 0.6997
898 5052 1808039885
311 0.7001
483 2111 1938614136
46 0.7001
881 8254 1741035040
561 0.7002
263 1836 1799114107
784 0.7007
850 8177 1645109882
278 0.7007
993 4024 1579786831
135 0.7008
492 1227 1934536581
109 0.7008
625 5333 1296772362
798 0.701
172 1531 1316043817
284 0.701
580 2971 1461772043
68 0.7011
668 1554 1103315647
900 0.7011
750 4300 1064366634
35 0.7012
548 5152 1261467114
179 0.7012
602 4358 1968946117
58 0.7014
782 7353 1759912382
954 0.7016
795 2670 1030533458
601 0.7017
196 1933 1434027576
342 0.7017
618 4524 1293098395
142 0.7019
759 6179 1848524954
70 0.7021
328 2814 1230916870
295 0.7022
544 5379 1666300129
304 0.7023
733 5375 1841148822
448 0.7024
506 3101 1197177689
409 0.7025
811 7303 1155815897
5 0.7026
382 1357 1326055038
941 0.7028
722 6468 1288095830
553 0.7029
514 3402 1402171715
63 0.7035
277 2652 1404544465
261 0.7039
725 5376 1043496442
460 0.704
290 2403 1953666745
999 0.704
661 5115 1816474731
614 0.7041
429 3779 1327169332
3 0.7042
835 5729 1340396988
447 0.7043
166 1364 1504809449
655 0.7043
272 680 1811509063
721 0.7043
388 1123 1656726043
613 0.7045
456 1243 1019026660
308 0.7046
326 2554 1544215840
535 0.7046
886 2765 1703864404
454 0.7047
418 3734 1962004528
602 0.7047
803 4671 1931516112
565 0.7053
492 2083 1947455845
320 0.7057
390 3071 1158360854
810 0.7058
289 2500 1781318728
634 0.7058
990 3971 1810459330
267 0.706
326 3203 1362687509
711 0.7061
452 2522 1242218273
393 0.7063
965 2463 1754190608
280 0.7064
266 1212 1112224080
897 0.7065
408 4015 1316734440
297 0.7066
472 4709 1323966407
612 0.7067
351 2969 1964976208
383 0.7067
855 6984 1184332810
425 0.7069
1000 5163 1387640862
600 0.7069
386 2813 1528585140
627 0.7069
801 7695 1954885912
200 0.7071
41 311 1862767615
347 0.7073
927 4358 1341479705
885 0.7075
264 689 1360184088
531 0.7075
842 2475 1509016135
845 0.7076
297 2035 1762024729
848 0.7076
304 2026 1017407287
82 0.7077
750 7488 1547135452
684 0.7078
865 5338 1661262785
7 0.7079
749 6422 1143380192
628 0.7081
407 1944 1200971255
456 0.7084
961 6628 1033842907
985 0.709
789 5837 1323033617
259 0.709
91 596 1633081246
57 0.7091
336 3352 1575937821
739 0.7095
76 717 1205978343
99 0.7095
897 5899 1138556072
958 0.7096
263 2326 1965623902
904 0.7096
849 6423 1874408942
420 0.71
746 5383 1402421918
724 0.7102
416 1121 1679712861
363 0.7102
541 1219 1016214645
619 0.7103
765 4583 1456738758
350 0.7104
675 2932 1424747230
997 0.7107
435 3279 1226089165
207 0.711
907 5965 1594935069
949 0.7115
665 1989 1748950308
349 0.7115
780 5355 1530827586
960 0.7116
804 5470 1371138194
730 0.7121
631 1578 1785372843
850 0.7121
646 6459 1620853803
799 0.7125
140 1336 1135323274
511 0.7125
467 1161 1700676321
476 0.713
162 1293 1701054318
8 0.7132
104 518 1390973621
269 0.7132
226 2160 1009027825
229 0.7134
209 1823 1594097943
45 0.7134
583 3718 1595169760
176 0.7134
68 477 1805461004
978 0.7139
495 4311 1825053009
310 0.7139
532 4956 1919925566
156 0.714
202 1465 1266561591
727 0.7142
956 7401 1066025975
55 0.7143
438 2583 1395314919
489 0.7143
72 658 1621243277
973 0.7145
227 1603 1820298462
756 0.7146
220 1490 1932405059
698 0.7147
797 4620 1876135307
452 0.7151
400 1903 1337248804
474 0.7153
583 2911 1480783448
18 0.7153
614 3178 1121073386
705 0.7153
773 2568 1678748400
951 0.7155
553 4552 1091130862
878 0.7155
900 6489 1184338364
646 0.7156
229 2025 1812342120
415 0.7157
398 3253 1901127785
989 0.7158
864 8119 1883943915
734 0.7159
268 1343 1036308741
630 0.716
350 2882 1204950452
204 0.716
699 2441 1142067198
853 0.7161
138 896 1526687112
626 0.7162
84 641 1147983425
437 0.7162
93 694 1525080082
650 0.7163
393 1841 1196779405
427 0.7164
692 6450 1384682821
558 0.7165
863 5594 1444050029
526 0.7173
326 3226 1547600739
337 0.7173
520 1217 1157461248
732 0.7174
440 1065 1554067110
992 0.7174
947 5214 1167990512
168 0.7175
924 6832 1776697470
701 0.7175
972 7101 1008641618
961 0.7178
342 3062 1115735380
950 0.718
95 766 1475257377
165 0.7184
765 5414 1284983595
623 0.7186
344 2778 1651213763
158 0.7189
622 6078 1295728115
945 0.719
726 4630 1017521599
42 0.7195
95 661 1114798663
475 0.7196
923 2999 1748293865
806 0.7199
853 2965 1214133266
844 0.72
859 2028 1382199473
66 0.7202
293 771 1709856560
56 0.7206
874 5019 1192626428
404 0.7208
384 3713 1340797097
738 0.7209
43 281 1315645401
260 0.7212
370 2439 1993478714
32 0.7213
247 1513 1022492293
749 0.7214
265 999 1438220048
60 0.7215
361 777 1555986621
327 0.7215
475 2109 1900376290
893 0.7216
746 4314 1489759144
702 0.7218
895 3798 1652852217
125 0.722
783 6198 1026054625
193 0.7221
666 4185 1895831051
381 0.7225
923 5731 1163348314
972 0.7226
473 4583 1703309215
54 0.7227
451 1511 1667015439
338 0.7227
552 3760 1035522379
771 0.723
526 1103 1950202813
685 0.7231
388 3085 1689064961
490 0.7232
254 1685 1054277320
873 0.7232
560 5085 1812212434
166 0.7232
613 5457 1760876777
661 0.7233
111 695 1150094274
120 0.7233
590 3339 1342754868
914 0.7235
290 1020 1005411899
746 0.7235
805 3277 1640775837
633 0.7237
11 22 1667255860
85 0.7238
576 3996 1354337738
595 0.7238
911 5906 1634370521
244 0.7239
493 2455 1268222772
866 0.7239
650 5524 1367589594
743 0.724
683 4418 1750442191
568 0.7245
299 1961 1738011051
137 0.7245
300 2553 1850969008
639 0.7245
689 2289 1170033558
824 0.7245
918 5315 1060420408
321 0.7248
275 1808 1987412988
723 0.7248
494 2990 1988816102
211 0.725
791 4276 1795671884
862 0.725
872 5924 1160716806
388 0.7251
109 587 1070510335
445 0.7251
683 3205 1335425950
835 0.7254
490 2544 1947896532
679 0.7254
564 3947 1711854214
713 0.7256
418 983 1290184479
699 0.7256
59 463 1155181224
736 0.7256
789 6719 1183773800
1000 0.7256
974 4861 1413802030
640 0.7257
920 4217 1998279368
11 0.7258
879 2845 1094859978
214 0.7259
987 3520 1501911092
993 0.726
767 3336 1833720570
198 0.7262
426 1852 1287869074
880 0.7264
194 1420 1839062466
529 0.7264
633 3937 1017293464
789 0.7264
854 4277 1113496679
112 0.7265
978 2576 1095175125
250 0.7272
564 3448 1229252815
315 0.7273
285 1844 1061877162
728 0.7273
869 5654 1324168040
461 0.7274
238 2001 1776879015
266 0.7274
651 6108 1262040699
708 0.7274
957 5763 1811261371
524 0.7277
354 1142 1063629322
152 0.7277
609 3100 1589663387
171 0.7278
768 5399 1513525253
763 0.728
916 7133 1972745684
664 0.7281
149 729 1969167504
967 0.7281
584 3702 1500021252
228 0.7281
625 3137 1414466430
225 0.7281
922 5329 1852862437
800 0.7283
655 3164 1123806609
442 0.7285
990 8749 1222156648
636 0.7286
361 2775 1985591529
465 0.7286
526 5207 1659547642
313 0.7288
263 1807 1541204639
343 0.7289
724 1792 1863921974
979 0.729
241 603 1751812085
36 0.7292
605 5965 1152535241
148 0.7292
729 2340 1346458716
41 0.7293
266 2155 1518070251
61 0.7305
565 4529 1052521898
128 0.7306
548 3633 1328557715
523 0.7306
617 1424 1766085711
816 0.7306
740 4488 1164248450
935 0.7306
83 518 1787283667
38 0.7306
848 7878 1503678892
336 0.7307
494 3518 1693129579
596 0.7307
727 5032 1174328998
991 0.7308
507 2242 1402343381
334 0.731
402 2699 1763922488
283 0.7312
315 847 1750821257
197 0.7314
487 3054 1016395287
28 0.7317
840 2576 1186643624
617 0.7322
182 1007 1355360949
652 0.7323
121 1088 1183684392
428 0.7325
612 1669 1625020903
929 0.7325
847 5418 1938178126
635 0.7331
918 5018 1794557166
154 0.7336
235 1401 1221750472
247 0.7336
360 2479 1426412414
896 0.7337
159 1497 1443994310
886 0.7338
949 5941 1468960423
287 0.734
334 945 1329297554
541 0.7341
181 1635 1599941850
720 0.7346
367 1929 1726327891
469 0.735
657 3491 1196510511
996 0.735
985 5289 1989490333
414 0.7354
315 2207 1904581364
663 0.7356
171 1190 1176183347
479 0.7361
274 1664 1214647731
562 0.7361
876 4919 1396322690
64 0.7362
83 652 1809241864
741 0.7365
625 4407 1325176424
971 0.7367
173 817 1952510859
779 0.737
650 3568 1575905692
67 0.737
780 6581 1461794272
100 0.7372
286 2203 1527657740
365 0.7372
796 5274 1882696615
549 0.7375
81 632 1954607652
463 0.7376
789 4131 1481250033
6 0.7377
854 7450 1273222853
840 0.7379
317 2748 1564473928
111 0.738
239 1523 1830490904
138 0.7384
425 3948 1888035695
222 0.7384
612 3414 1523145610
715 0.7386
184 917 1076022005
209 0.7386
779 4395 1194673146
959 0.7387
65 280 1689948825
689 0.7389
245 1140 1231855516
838 0.739
355 1368 1556962255
144 0.7391
261 2141 1450839369
922 0.7391
927 5963 1987490380
603 0.7393
486 3193 1699194628
233 0.7395
328 2169 1286566301
676 0.7398
972 8820 1268415686
255 0.74
774 4434 1991412967
245 0.74
774 4526 1868242686
521 0.7402
771 4410 1784779411
576 0.7405
450 1093 1427101612
481 0.7406
224 1916 1414889906
472 0.7408
941 7514 1403329690
290 0.741
305 2064 1616257800
665 0.7411
538 4393 1325696293
940 0.7412
497 4473 1822655542
346 0.7413
978 6408 1685092684
793 0.7414
534 1468 1329317520
942 0.7415
150 462 1166351469
813 0.7415
665 4225 1178259722
98 0.7419
396 1290 1912553708
928 0.7419
965 9262 1454260850
33 0.7422
341 1303 1849646447
814 0.7424
57 319 1669363520
782 0.7426
545 1592 1945778951
429 0.7427
742 6157 1921731983
608 0.7427
883 6243 1107538827
695 0.7431
649 1452 1980672901
272 0.7433
165 852 1409273455
876 0.7433
296 1439 1580752085
132 0.7434
462 2716 1230768578
364 0.7434
703 6761 1036274276
706 0.7438
271 2222 1222860172
552 0.7441
364 2041 1325224946
341 0.7441
445 2266 1794312622
597 0.7441
910 3924 1760786972
943 0.7442
384 3764 1668576807
672 0.7445
608 3804 1488573384
382 0.7445
775 6285 1091128348
618 0.7446
673 3499 1171883220
303 0.7447
474 1209 1991350593
760 0.7448
672 4870 1830018067
190 0.7449
259 1638 1522848954
564 0.7452
132 1263 1805940023
818 0.7452
248 1261 1368472447
406 0.7454
265 981 1793747623
938 0.7454
471 1665 1341889615
265 0.7455
332 2261 1830930175
136 0.7458
117 381 1770920172
778 0.7458
363 2913 1384446347
805 0.7459
302 1757 1321560383
451 0.7459
685 6547 1076898796
178 0.746
85 291 1524493688
615 0.7461
715 2733 1272567192
819 0.7465
357 1969 1961093156
632 0.7465
883 3433 1073135652
459 0.7466
539 2121 1758800353
584 0.7469
547 1504 1084796484
501 0.7469
788 4426 1514765798
580 0.7469
791 2000 1476937161
747 0.7471
203 1114 1127897744
408 0.7474
308 1608 1782143427
324 0.7474
401 2081 1251642829
296 0.7476
729 4129 1430346344
348 0.7478
692 6698 1217492087
759 0.7479
246 2300 1886008643
488 0.748
140 1394 1584787430
583 0.748
614 1408 1682750909
881 0.748
650 2008 1966960682
764 0.7481
318 2773 1185248460
220 0.7483
39 219 1550561584
712 0.7485
456 1102 1051604147
744 0.7486
317 2591 1143274971
495 0.7488
978 3858 1183923735
329 0.7493
230 1395 1796102391
638 0.7493
56 337 1889131565
328 0.7493
661 4891 1609355751
400 0.7495
105 466 1409533249
787 0.7496
104 809 1955695711
578 0.7496
320 3182 1209193247
83 0.7496
828 5207 1890524597
530 0.7499
908 6623 1196161849
532 0.75
752 3578 1833743346
416 0.7501
421 1394 1772439878
90 0.7503
626 4543 1911234776
822 0.7504
241 1580 1969687028
274 0.7504
424 2890 1835288833
378 0.7511
235 1514 1164659112
620 0.7511
68 230 1186112818
264 0.7512
285 2735 1982452730
643 0.7512
64 465 1788714910
528 0.7512
874 6786 1073342933
686 0.7515
207 598 1929594865
975 0.7517
277 1821 1978051920
455 0.7522
370 1879 1152954841
658 0.7531
928 7817 1467175092
95 0.7533
500 3720 1893328485
616 0.7533
847 7882 1972210332
182 0.7535
874 2111 1728838403
788 0.7536
115 528 1550700434
232 0.7542
293 804 1128315900
443 0.7544
342 2053 1501636965
417 0.7548
463 1130 1560215558
647 0.755
575 3707 1649715760
755 0.7551
250 609 1783440290
239 0.7551
595 1057 1070022452
127 0.7551
77 578 1387834622
374 0.7556
757 6478 1804499498
644 0.7563
54 442 1306900413
273 0.7566
82 343 1948965778
692 0.7567
327 2189 1131938445
110 0.7568
100 499 1941193642
116 0.7571
101 305 1121959171
519 0.7572
639 5718 1407453749
153 0.7574
292 2705 1000589962
377 0.7574
887 5868 1860680992
422 0.7576
401 3216 1819112043
403 0.758
538 1129 1608240726
133 0.7581
471 3175 1625941885
887 0.7588
634 1411 1718045768
115 0.7591
630 1461 1803634159
121 0.7596
758 7371 1644477590
551 0.7597
794 1613 1277367160
431 0.7599
674 4027 1878431224
667 0.76
965 4592 1651037405
438 0.7602
829 7129 1667893949
430 0.7604
963 6909 1159928844
781 0.7607
273 2168 1058370816
605 0.7607
279 1052 1635845486
955 0.7609
532 3295 1856344022
387 0.7609
749 3574 1952767834
498 0.7612
724 4705 1993939588
703 0.7613
904 8757 1871673388
574 0.7614
917 7638 1346166290
751 0.7615
402 1461 1904856593
119 0.7616
102 615 1576074776
359 0.7618
324 2204 1708531899
380 0.7619
966 5093 1373270676
248 0.7621
313 740 1411652748
10 0.7628
631 1989 1123424831
571 0.763
202 1689 1245940138
649 0.763
35 170 1872858514
790 0.7634
254 971 1125712909
423 0.7635
506 3119 1672749747
257 0.7642
483 3315 1421360590
500 0.7644
223 1100 1210754446
666 0.7648
159 828 1446105648
150 0.7651
506 1196 1002112828
718 0.7653
588 4659 1313490271
550 0.7654
202 1136 1875530058
435 0.7656
182 1028 1632238194
140 0.7661
353 1175 1398574222
757 0.7664
275 1480 1317962029
227 0.7668
155 1374 1042999743
453 0.7668
685 6730 1354365770
65 0.7669
555 2506 1150286655
131 0.7671
389 1718 1785030707
407 0.7672
71 378 1824787875
444 0.7674
350 1570 1729792327
223 0.7674
908 4128 1714309961
572 0.7675
75 387 1081104825
149 0.768
231 632 1243366739
263 0.7685
499 3482 1719310162
507 0.7688
940 7722 1144975441
981 0.7689
621 1325 1316073638
930 0.7693
323 844 1169866788
877 0.7694
398 2222 1933734983
369 0.7696
239 1164 1709802830
641 0.7696
594 3391 1928400506
75 0.7698
396 3815 1364717324
361 0.7699
177 779 1609937953
25 0.7703
86 431 1057034872
354 0.7705
154 1003 1394646680
191 0.7707
252 1197 1388574235
94 0.7709
554 3316 1276507359
49 0.771
215 1305 1333348295
868 0.7711
146 270 1493902319
537 0.7712
559 3700 1059070350
986 0.772
836 2714 1539513682
101 0.7722
207 965 1379137770
291 0.7724
406 2583 1810736908
621 0.7725
702 4762 1058892321
242 0.7725
804 4817 1936879441
71 0.7727
344 3177 1257095584
405 0.7735
461 3567 1778027087
493 0.7743
91 438 1993630623
480 0.7747
70 681 1464776095
31 0.775
175 1173 1291472717
113 0.775
228 536 1226162490
319 0.7751
196 801 1368219789
905 0.7757
632 2274 1952799456
298 0.7758
93 844 1852738118
107 0.776
164 797 1379846957
14 0.7762
522 1403 1303712569
875 0.7763
647 5405 1907817338
44 0.7766
320 2154 1113482874
624 0.7769
72 525 1885218775
401 0.777
629 4332 1171115147
769 0.7771
673 4714 1622124424
604 0.7772
171 1425 1204728965
185 0.7772
530 2098 1928322772
518 0.7773
438 3250 1903692313
195 0.7773
736 3862 1798156375
373 0.7774
584 5318 1860852997
674 0.778
319 749 1430029022
891 0.7785
124 958 1398822213
585 0.7796
135 725 1391695488
323 0.78
96 806 1971825173
648 0.7804
154 1145 1934037273
573 0.7806
406 1734 1099095232
12 0.7808
612 2987 1646094963
508 0.781
233 607 1052371802
510 0.7811
236 1700 1742164081
898 0.7811
737 5296 1190184486
281 0.7815
268 1145 1653441821
397 0.7817
759 1592 1010403904
436 0.7819
811 1721 1120547373
473 0.7824
232 608 1502907053
964 0.7825
219 1636 1048882801
976 0.7827
82 301 1792968457
240 0.783
693 4303 1012466677
231 0.7834
558 1865 1908967911
776 0.7835
366 1228 1003486241
108 0.7836
614 1348 1080539153
285 0.7836
713 4328 1804835921
622 0.7838
419 2983 1157177193
499 0.7839
135 456 1679084607
726 0.7839
401 3225 1729165367
556 0.784
745 3265 1035085516
47 0.7841
880 4860 1492737903
487 0.7842
429 1624 1287165678
139 0.7853
256 598 1657344487
491 0.7859
377 1799 1572153951
540 0.786
306 1580 1901641673
88 0.786
499 1829 1293102087
385 0.7864
322 1470 1397504263
745 0.7864
382 1742 1383302544
394 0.7869
260 1427 1339103086
344 0.7873
467 2069 1889848937
123 0.7881
499 3257 1513926384
59 0.7893
78 316 1600698996
514 0.7895
245 1254 1226936244
791 0.7895
676 3322 1725765886
317 0.79
843 5431 1547226479
16 0.7914
601 3858 1065827183
536 0.7915
307 1098 1584243708
987 0.792
38 122 1402294965
184 0.7921
86 429 1095249399
557 0.7925
495 1959 1422198964
752 0.7928
115 485 1276309819
92 0.7937
167 388 1118852362
995 0.7949
171 455 1143682031
590 0.7957
65 277 1912413528
670 0.796
96 239 1906876291
76 0.7966
400 1835 1521640837
183 0.7966
558 3249 1712492954
629 0.7972
256 602 1394126163
503 0.7973
145 1336 1488042451
926 0.7973
316 2083 1786537735
249 0.7973
798 5233 1688836976
952 0.7974
442 887 1832299473
710 0.7976
646 6260 1818367817
114 0.7979
431 1982 1242899025
903 0.798
308 1348 1087908736
9 0.7982
138 359 1436410779
772 0.7982
587 2946 1997365817
671 0.7986
141 885 1346669751
977 0.7986
17 52 1922757686
883 0.7986
97 397 1316340950
823 0.7987
251 661 1667641969
871 0.7992
868 6936 1264504227
657 0.801
157 1175 1980936559
879 0.8029
188 655 1917581939
294 0.803
19 61 1679740268
969 0.8032
24 115 1810353131
396 0.8039
263 1168 1127127288
492 0.805
592 1159 1801413412
141 0.8055
461 2629 1576608478
894 0.8056
94 549 1438214820
693 0.8057
360 1446 1285432805
586 0.8063
209 597 1816432944
39 0.8063
33 218 1311135870
917 0.8064
429 1407 1652025890
874 0.8065
196 1108 1000663332
777 0.807
119 519 1754722680
282 0.807
47 171 1435152082
821 0.8072
585 4793 1860480255
1 0.8073
223 551 1502499979
765 0.8073
406 1566 1746046006
243 0.8073
852 6487 1563157399
895 0.8077
281 729 1963688403
122 0.8089
36 132 1100956754
587 0.809
925 6529 1867971024
575 0.8092
47 266 1355179313
939 0.8095
173 1447 1218534889
29 0.8096
766 1466 1349733903
545 0.8099
945 1919 1929636578
533 0.8104
292 1701 1592937304
186 0.8104
730 4353 1496049567
563 0.8107
678 3878 1219211089
181 0.8113
567 2448 1915668916
89 0.8123
219 934 1202385781
717 0.8125
592 3601 1313405281
831 0.8128
240 1003 1402143356
15 0.8131
531 4097 1262545144
162 0.8152
813 1442 1531748000
389 0.8153
695 3333 1579021033
399 0.8159
628 4720 1106230495
872 0.816
22 108 1094644407
218 0.8161
467 879 1965306980
560 0.8164
91 302 1379040071
916 0.8166
203 731 1299226457
450 0.8182
344 677 1789632313
104 0.8187
273 1709 1020042687
51 0.8188
85 410 1399987456
785 0.8191
713 2715 1154113147
598 0.8197
88 266 1738141643
796 0.8198
76 339 1134098263
970 0.8199
164 1228 1563876972
559 0.8201
27 100 1162472289
187 0.8218
566 5570 1055524132
30 0.8223
272 779 1972845088
748 0.8231
229 478 1570244819
653 0.8232
959 1701 1879682749
856 0.8235
543 4512 1814451422
496 0.8238
579 5618 1341184288
543 0.8245
59 235 1112012860
817 0.8245
67 210 1264121449
254 0.825
848 1498 1963180229
582 0.8253
208 1261 1215916057
625 0.8257
37 85 1825151387
37 0.8261
231 916 1974484103
761 0.8273
188 591 1745035167
953 0.8281
266 2203 1751767962
305 0.8287
560 5476 1488930150
753 0.829
213 544 1775180900
177 0.829
831 7878 1611432278
230 0.8292
745 3501 1766056144
948 0.8293
499 2910 1129783003
208 0.8301
486 2263 1539728127
642 0.8304
874 4707 1101985395
172 0.8311
82 742 1674951269
130 0.8313
142 918 1932107863
924 0.8314
135 532 1527806109
901 0.8315
705 3451 1702764548
802 0.8316
258 1745 1313647420
884 0.8323
115 708 1400956025
516 0.8331
771 1243 1450561449
309 0.8338
740 3440 1451718992
325 0.8339
284 1689 1492591908
983 0.8345
848 6075 1788160454
300 0.8347
527 3134 1799731770
795 0.835
981 1842 1995571655
202 0.8361
407 563 1435446192
998 0.8363
168 810 1132241630
97 0.8368
202 857 1053728275
432 0.8378
47 136 1051907092
691 0.839
910 1555 1599424651
192 0.8417
556 3546 1342369396
609 0.8421
216 1453 1195172514
786 0.8424
566 4332 1830439553
288 0.8435
194 935 1371675339
680 0.8443
61 315 1446499604
826 0.8452
395 713 1218156879
847 0.8461
533 2087 1185265512
919 0.8471
760 1341 1169641029
161 0.8484
26 150 1292098729
339 0.8486
62 457 1161315470
402 0.8493
21 43 1654388440
775 0.8494
623 2278 1563378910
201 0.8504
487 811 1948674432
931 0.8507
101 253 1749950734
750 0.8516
13 38 1977284195
143 0.8527
217 408 1955150902
811 0.8537
162 335 1063646989
830 0.8548
121 482 1430727277
913 0.857
100 671 1227524690
316 0.858
287 1667 1515965507
581 0.8583
52 328 1796843424
2 0.8585
618 1115 1003512868
722 0.8603
310 2676 1284257828
675 0.8604
229 430 1056537121
696 0.8659
694 1141 1205653683
105 0.8683
172 342 1152382355
458 0.8687
26 62 1045848096
966 0.8688
849 1485 1606997101
314 0.8694
583 1017 1517062579
279 0.8697
837 1324 1387940388
262 0.8715
182 638 1618207579
376 0.872
520 4434 1587300668
77 0.8735
540 3913 1417981464
631 0.8746
104 295 1314349889
398 0.8755
52 113 1249455976
351 0.8766
105 513 1807597967
546 0.8771
896 1562 1028436740
534 0.8778
295 2342 1174883782
497 0.8802
325 1881 1044578842
170 0.8804
32 83 1095204598
226 0.8811
126 575 1187902170
426 0.8835
872 6630 1523298785
478 0.8872
851 1295 1516412227
855 0.8875
705 1106 1807000701
93 0.8897
153 332 1841979758
440 0.892
18 51 1843324525
174 0.8946
684 3743 1235733245
662 0.8948
563 3133 1766779145
160 0.8952
184 344 1026403256
352 0.8974
627 965 1220553448
502 0.898
368 608 1784294700
367 0.898
912 1220 1800764636
483 0.8991
695 5090 1386236452
570 0.8992
638 1112 1929482295
424 0.9023
11 20 1148318067
169 0.9058
258 1656 1569336046
843 0.9064
1000 1574 1770325336
390 0.9075
845 1084 1032667289
839 0.9079
53 114 1791818585
358 0.9084
799 1218 1833899984
984 0.9088
19 66 1989628672
882 0.9126
545 892 1482848822
794 0.913
865 1165 1702038136
180 0.9136
225 374 1604971035
908 0.9162
517 606 1363083510
48 0.9173
12 23 1406859790
69 0.9179
48 450 1110532214
579 0.9203
245 377 1009233107
391 0.9211
895 1482 1605135180
754 0.925
224 332 1090421395
333 0.925
376 580 1435804096
990 0.9256
903 1381 1867541285
258 0.9263
531 784 1589847713
861 0.9309
445 653 1635526205
509 0.9313
73 326 1945630689
858 0.9321
395 579 1959381089
22 0.9321
90 170 1042532356
217 0.9349
117 352 1063444385
464 0.935
801 1118 1117553779
102 0.9355
283 470 1934587333
792 0.9363
217 358 1853377758
210 0.9365
45 153 1006999061
151 0.9368
462 684 1575316380
457 0.94
391 513 1633077562
888 0.9438
516 864 1587041152
863 0.9441
955 7058 1415537580
520 0.9449
25 32 1990443899
808 0.9452
493 654 1088394969
921 0.9478
223 2063 1854690703
486 0.9488
621 4735 1140809173
251 0.9509
462 711 1000796728
846 0.9517
768 923 1294521379
145 0.9534
539 821 1456042290
906 0.9574
218 338 1089276635
224 0.958
157 251 1618259083
379 0.9607
608 864 1793977161
669 0.9619
47 122 1304432503
80 0.9669
23 95 1737285445
828 0.9688
316 399 1373390918
330 0.9688
829 1087 1263712910
78 0.9703
680 715 1678599976
270 0.9707
218 332 1790134288
24 0.9711
241 381 1695459430
982 0.9726
869 949 1186351155
937 0.9781
75 124 1111018140
326 0.9788
506 700 1656726149
421 0.979
517 749 1708580946
19 0.9803
447 573 1994241050
73 0.9806
428 598 1444830978
539 0.981
383 426 1461249846
167 0.981
74 99 1984324245
912 0.9812
940 1221 1563117001
859 0.9814
670 891 1028349541
654 0.9825
712 989 1205874618
832 0.9825
846 1123 1474999342
599 0.9826
181 277 1706703376
697 0.9828
42 56 1991082076
355 0.9834
572 719 1850297359
836 0.9835
158 220 1165345208
733 0.9837
716 985 1795582935
345 0.9849
468 564 1090020875
956 0.9859
912 1100 1333142377
159 0.9863
962 1243 1157312971
517 0.9864
746 955 1112700799
206 0.9872
204 272 1723896123
729 0.9878
950 973 1926439881
829 0.988
474 569 1801855235
704 0.9881
310 385 1844734702
238 0.9882
834 1012 1240537284
656 0.9885
318 396 1175746873
164 0.9886
410 452 1505880949
13 0.9887
613 630 1288710220
920 0.9887
892 971 1619157625
462 0.9895
654 694 1394692168
306 0.9897
274 306 1770671998
221 0.9898
611 717 1215923964
594 0.99
676 701 1042585704
293 0.9901
193 217 1029174874
40 0.9903
152 214 1883579431
203 0.9904
14 25 1358900979
683 0.9904
93 124 1065209613
909 0.9905
328 349 1427586198
23 0.9905
880 908 1901918098
446 0.9908
384 394 1300032405
774 0.9912
17 31 1227371451
902 0.9916
249 258 1505230422
768 0.9917
722 739 1697030420
253 0.9921
169 187 1421600645
593 0.9924
332 336 1770051826
740 0.9925
142 164 1973093164
610 0.993
270 283 1805834085
554 0.9944
57 60 1536731439
357 0.9946
86 93 1539776063
368 0.996
13 19 1222921700
678 0.9976
11 13 1683227601
118 0.9989
14 13 1643545935
889 0.9992
10 9 1836396057
513 0.9993
12 11 1205627809
