SCORE:0.7554615427975817
101 0.5358893828009903
867 3076 0
139 0.536241918502513
671 2813 0
22 0.5922976564057775
984 3125 0
143 0.6046784654590638
944 2729 0
83 0.6048514761313906
900 3413 0
72 0.6063889752569773
816 2589 0
50 0.6181385797790642
934 7522 0
172 0.6277168358515438
824 3125 0
82 0.6329296096764933
466 2494 0
112 0.6377740360452638
776 3096 0
95 0.6407445450301811
984 2520 0
132 0.6408171192492551
733 2683 0
167 0.65214226182146
993 4340 0
15 0.6553717673994708
605 5987 0
23 0.6562139492703233
354 1480 0
30 0.6578554920518319
301 2850 0
91 0.6580207775891056
792 7752 0
33 0.6589727418155961
945 9282 0
125 0.6620219027356091
305 3026 0
156 0.6645483345958639
202 1871 0
154 0.6647811982890419
623 1896 0
126 0.6652185243619658
717 2116 0
105 0.6697521629782687
946 7505 0
117 0.6699735060368545
682 2681 0
138 0.6706692167359124
801 3142 0
77 0.6764670070080756
152 1502 0
67 0.6814456459562402
503 1324 0
61 0.6847679526208972
650 5067 0
25 0.685733886959237
706 5426 0
110 0.6870153024631346
498 3945 0
64 0.6876727672125623
115 855 0
46 0.6891861387550308
904 6478 0
13 0.6901219876115086
535 3279 0
134 0.6905378447588889
767 1794 0
127 0.6908817302885402
930 6555 0
159 0.691436282675722
471 4668 0
147 0.6915116741812146
853 7919 0
43 0.6936895432571687
978 5516 0
56 0.693741237799787
498 4070 0
7 0.6948564541756861
506 1181 0
94 0.6962467218916103
791 5403 0
150 0.6963637445876948
819 5509 0
35 0.6968330558331919
617 4337 0
32 0.6974685213735218
266 1366 0
49 0.6993292740578325
299 2772 0
116 0.699484993737557
802 3923 0
164 0.70442397061448
216 1490 0
115 0.7059935257537888
673 2703 0
70 0.7060862406725007
848 6719 0
137 0.7064127519940133
371 2790 0
122 0.7080329931250515
967 6554 0
66 0.7081084789285441
294 920 0
41 0.7083291235153133
679 6229 0
106 0.7111111111111111
768 4889 0
59 0.7112445403696216
101 732 0
140 0.7115359624964068
972 7222 0
26 0.7116356063158497
79 571 0
16 0.7118496021064935
270 1988 0
28 0.7125513517069507
713 4945 0
104 0.7133737657215357
617 4401 0
108 0.7145435151651738
885 3508 0
37 0.7159309578862024
665 5498 0
51 0.71813120672432
516 4466 0
93 0.7195971133536323
394 2979 0
36 0.7196666002502857
539 2615 0
160 0.7204430352465658
525 3078 0
88 0.7209268220792823
396 2511 0
136 0.7209742819387982
196 1405 0
165 0.7213586164084484
423 2564 0
62 0.723929132697649
612 3860 0
113 0.7247041725122655
804 4552 0
48 0.7283323840171008
562 1628 0
162 0.7307039808342843
369 2773 0
68 0.731863785900128
351 3017 0
42 0.7321226841797671
298 2680 0
31 0.7338799438753127
274 1755 0
89 0.7342862481498501
441 4293 0
135 0.7342967319244447
742 5812 0
3 0.7353212133979423
1000 7395 0
14 0.7354515917796325
109 878 0
19 0.7382336339927823
911 7196 0
92 0.7392458833662036
927 4317 0
99 0.7404245378953653
580 4126 0
131 0.7407367027756349
932 3576 0
4 0.7421453114609159
761 3992 0
109 0.7423911582780296
501 3160 0
119 0.7425950129595005
686 2817 0
171 0.7436850235017692
978 2210 0
141 0.747177720321713
738 3422 0
107 0.7491254555540912
232 979 0
111 0.7517646496733584
443 4267 0
12 0.7518333115108898
982 5126 0
74 0.7521370678658451
798 3231 0
71 0.7550512225513659
1000 4595 0
10 0.756550924964181
620 4353 0
55 0.7578571073471712
422 3002 0
120 0.7597074218213714
51 326 0
146 0.7605130068845095
288 1809 0
81 0.7609029529463034
969 8157 0
52 0.7614279190132714
251 1080 0
78 0.762638220495952
761 6793 0
163 0.7634101656197303
418 2129 0
63 0.7651450385744951
305 1429 0
2 0.7664986954195542
20 69 0
102 0.7675935356614069
37 299 0
128 0.7686344577818829
394 2687 0
73 0.7716350704491528
540 2816 0
11 0.7726788932060498
739 5098 0
20 0.7742442356268063
152 432 0
45 0.775345591122279
386 3290 0
5 0.7762376075281832
852 4228 0
24 0.7762603212991789
578 2544 0
142 0.7768573100041293
278 699 0
86 0.7769032967795089
465 3250 0
152 0.7776443433976588
337 2847 0
29 0.7797021822931797
454 2315 0
153 0.7797265269420495
492 3532 0
57 0.7801411454382108
317 1423 0
38 0.7805217274992385
125 285 0
39 0.7829375010941596
435 1461 0
124 0.7830870647165581
232 1589 0
79 0.7851534234292967
650 1907 0
17 0.7863787064812233
143 828 0
9 0.7877701297239684
164 1470 0
129 0.7905734720875981
856 4093 0
149 0.7945100558055028
699 5694 0
60 0.7959041290700061
623 4439 0
8 0.7962400850445835
289 1617 0
97 0.7963114558384592
280 1128 0
6 0.7968725884183712
586 1714 0
84 0.7983107253749273
20 65 0
114 0.8006255523445277
724 4918 0
53 0.8013655404510823
711 4842 0
103 0.8038387984096269
445 3561 0
118 0.8039781132437185
558 1134 0
21 0.8048223349565841
424 846 0
76 0.8066576405054333
627 4699 0
133 0.8074746917647251
515 2828 0
40 0.8157065069372439
408 1971 0
69 0.8184566235537017
743 3909 0
54 0.8228317012372648
584 3637 0
121 0.8249996067976771
143 514 0
168 0.8251925878438813
735 6738 0
90 0.8308159929293439
84 545 0
96 0.8347411325716514
314 647 0
144 0.837059495595026
640 3638 0
155 0.8377603478139485
360 1459 0
34 0.8427043268089511
411 1830 0
123 0.8429653457863581
91 256 0
80 0.8434475797457869
502 3277 0
27 0.8447209580657965
385 723 0
85 0.8573479872262715
615 882 0
47 0.8581491944231867
329 1354 0
18 0.8642367083159893
464 1301 0
75 0.8669612403810157
825 5525 0
87 0.8704849796297943
506 922 0
170 0.8716213882117566
614 902 0
151 0.892858043202929
87 182 0
158 0.8957724357402665
808 1163 0
157 0.8962871642755754
23 50 0
148 0.9103891274517243
614 942 0
130 0.9144518964457176
307 1082 0
173 0.9187636279596764
686 6780 0
145 0.9190747735050735
327 1827 0
98 0.9238157860749382
173 292 0
169 0.9273807596025238
256 1397 0
161 0.9285918941958823
14 28 0
100 0.9709271005020648
661 857 0
44 0.9711676324972048
487 638 0
166 0.9811939423626984
751 972 0
58 0.9897216818123172
924 1007 0
65 0.9902518893115511
830 851 0
1 0.999903800755954
5 5 0
